# trials = 10000, bits = 128
k=1, success_rate=0.000000e+00
k=5, success_rate=0.000000e+00
k=10, success_rate=0.000000e+00
k=20, success_rate=0.000000e+00